[ColMask]
hmin = 0
smin = 0
vmin = 0
hmax = 255
smax = 255
vmax = 255

[Platform]
plat_r = 145.19688776018643
plat_c_x = 977.1331424547358
plat_c_y = 248.383489927911

